参数为：0.500000
共分成3类
0   1
0   1
0   1
0   1
0   1
0   1
0   1
0   1
0   1
0   1
0   1
0   1
0   1
0   1
0   1
0   1
0   1
0   1
0   1
0   1
0   1
0   1
0   1
0   1
0   1
0   1
0   1
0   1
0   1
0   1
0   1
0   1
0   1
0   1
0   1
0   1
0   1
0   1
0   1
0   1
0   1
0   1
0   1
0   1
0   1
0   1
0   1
0   1
0   1
0   1
0   3
0   3
0   3
0   3
0   3
0   3
0   3
0   3
0   3
0   3
0   3
0   3
0   3
0   3
0   3
0   3
0   3
0   3
0   3
0   3
0   3
0   3
0   3
0   3
0   3
0   3
0   3
0   3
0   3
0   3
0   3
0   3
0   3
0   3
0   3
0   3
0   3
0   3
0   3
0   3
0   3
0   3
0   3
0   3
0   3
0   3
0   3
0   3
0   3
0   3
0   2
0   3
0   2
0   3
0   2
0   2
0   3
0   2
0   2
0   2
0   3
0   3
0   2
0   3
0   3
0   3
0   2
0   2
0   2
0   3
0   2
0   3
0   2
0   3
0   2
0   2
0   3
0   3
0   2
0   2
0   2
0   2
0   2
0   3
0   3
0   2
0   3
0   3
0   3
0   2
0   2
0   2
0   3
0   2
0   2
0   3
0   3
0   3
0   3
